cam_model: ATAN
cam_width: 640
cam_height: 480
cam_fx: 0.584731
cam_fy: 0.780804
cam_cx: 0.465891
cam_cy: 0.483905
cam_d0: 0.960433
